
			UNDISTORT
			0,2     	 0,8      1,5     		3,0
cell 1	166,497800	52,817740	27,505600	12,539450
cell 2	135,159200	45,854020	24,380280	11,625720
cell 3	129,121500	46,160020	24,275700	11,299180
cell 4	139,846400	49,413517	24,263340	10,907740
cell 5	172,203600	60,735533	29,371820	14,194814
cell 6	135,622800	49,419720	26,814820	10,498260
cell 7	157,069400	47,414640	28,070640	10,477860
cell 8	186,630800	50,993100	26,623400	11,557340



			RAW
			0,2      	0,8      1,5     		3,0
cell 1	139,659800	42,586260	22,792967	10,834630
cell 2	132,449800	45,288380	23,637840	11,809080
cell 3	122,982833	46,880040	24,240880	10,907740
cell 4	129,864000	47,007250	24,226620	10,924880
cell 5	157,237000	53,756267	27,121240	12,721157
cell 6	134,815200	50,243360	27,056580	10,056534
cell 7	158,016800	47,215040	26,623280	10,886160
cell 8	180,105600	51,005650	25,935867	11,511780